uav_name:
    id: 5
    x: -124.76823725421879
    y: -125.71329238722137
    z: 0.0
    heading: 0
